100
25
9896
1
5004
9391
464
24
9954
9
786
9307
11
2179
7235
242
616
9827
72
9152
9677
2663
2018
5532
463
1248
4873
6
284
394
45
101
415
66
2816
7023
9007
2718
6066
7325
873
9478
85
53
488
68
868
9470
61
1176
2773
8405
242
9478
94
438
9072
4
486
9103
34
978
9027
71
4941
6907
1434
2222
7973
9805
971
9200
96
365
9130
19
353
9222
73
2587
6475
9175
309
4108
5059
4
9966
7
486
9411
24
4170
8746
2035
97
247
75
910
9619
48
9204
9516
78
81
493
37
349
486
64
2805
6150
8596
7
9997
8
44
9564
40
820
9173
13
779
9481
20
4929
8862
6011
2425
6642
5150
676
9166
59
957
2406
3157
80
9772
25
480
2938
7464
234
9179
54
846
9079
99
5107
5328
37
365
9688
7
90
9751
1
16
9998
10
8701
9901
75
3444
8495
8451
6931
7243
9086
3917
3917
3917
957
9037
52
1454
6596
6520
5040
7615
56
1329
5954
8043
5186
6563
2786
380
9291
91
838
945
8343
16
9863
5
244
9426
71
5225
9380
67
62
9693
25
3686
5875
3478
3504
3504
3504
2846
4904
3
1736
1736
1736
339
4996
8968
27
9989
2
101
9118
87
1814
7133
9968
4067
6481
36
3136
3951
19
23
9537
7
686
9660
92
939
9450
41
297
9968
30
994
9813
87
768
9231
41
33
9999
3
7495
9683
8806
69
9155
12
70
318
42
3695
4702
2493
307
9755
86
2
9945
4
4660
7039
9517
19
9880
37
287
9346
21
11
9983
6
5531
5741
2333
799
9769
50
895
9489
25
393
9483
96
119
466
57
